Some((
    red: 0.72990066,
    green: 0.798658,
    blue: 1.0,
    alpha: 1.0,
))